0,640984163,641889671,905508,0.345778
1,642042565,642456599,414034,0.346345
2,642586386,642890077,303691,0.346778
3,643019447,643485546,466099,0.347374
4,643613569,643866234,252665,0.347754
5,643994025,644240472,246447,0.348129
6,644352777,644609576,256799,0.348498
7,644713153,644977388,264235,0.348866
8,645084369,645321769,237400,0.34921
9,645427030,645696755,269725,0.349585
10,645800893,646133663,332770,0.350022
11,646235311,646557310,321999,0.350446
12,646660777,646986502,325725,0.350875
13,647090832,647419211,328379,0.351308
14,647523971,647859934,335963,0.351749
15,647961643,648304090,342447,0.352193
16,648413915,648721665,307750,0.35261
17,648823902,649150628,326726,0.353039
18,649253693,649572023,318330,0.353461
19,649674996,650008962,333966,0.353898
20,650111837,650432567,320730,0.354321
21,650535466,650856526,321060,0.354745
22,650959263,651303832,344569,0.355192
23,651409124,651734937,325813,0.355624
24,651839484,652166935,327451,0.356056
25,652272528,652575988,303460,0.356465
26,652680976,652998719,317743,0.356887
27,653100507,653467805,367298,0.357356
28,653571407,653901724,330317,0.35779
29,654004964,654330473,325509,0.358219
30,654437313,654745942,308629,0.358635
31,654847028,655171771,324743,0.35906
32,655276050,655619871,343821,0.359509
33,655721936,656038923,316987,0.359928
34,656149266,656450103,300837,0.360339
35,656554547,656868152,313605,0.360757
36,656969375,657298510,329135,0.361187
37,657404153,657764067,359914,0.361653
38,657865031,658194423,329392,0.362083
39,658299321,658627882,328561,0.362517
40,658732152,659057415,325263,0.362946
41,659161938,659473123,311185,0.363362
42,659575019,659914287,339268,0.363803
43,660045845,660357559,311714,0.364246
44,660466293,660787188,320895,0.364676
45,660891457,661214695,323238,0.365103
46,661316167,661633942,317775,0.365523
47,661737339,662070941,333602,0.36596
48,662172455,662559486,387031,0.366448
49,662691652,663028629,336977,0.366917
50,663155064,663453047,297983,0.367341
51,663584580,663832946,248366,0.367721
52,663960685,664275130,314445,0.368163
53,664406113,664661162,255049,0.368549
54,664788112,665165842,377730,0.369054
55,665295012,665620759,325747,0.369509
56,665746572,666064235,317663,0.369952
57,666195963,666443963,248000,0.370332
58,666573133,666966343,393210,0.370854
59,667096204,667426588,330384,0.371315
60,667553600,667852693,299093,0.371741
61,667964291,668270527,306236,0.372159
62,668378055,668542124,164069,0.372431
63,668645229,668941338,296109,0.37283
64,669051074,669361510,310436,0.37325
65,669468804,669793577,324773,0.373682
66,669899550,670216929,317379,0.374106
67,670319303,670665237,345934,0.374554
68,670768489,671097364,328875,0.374986
69,671197413,671579406,381993,0.375468
70,671711518,671953733,242215,0.375842
71,672387213,672604348,217135,0.376493
72,672739249,672916440,177191,0.376805
73,673025553,673278825,253272,0.377167
74,673385356,673671461,286105,0.37756
75,673772288,674093957,321669,0.377983
76,674204902,674591428,386526,0.37848
77,674719276,674987970,268694,0.378876
78,675117661,675409535,291874,0.379298
79,675520968,675824825,303857,0.379714
80,675928904,676321306,392402,0.380209
81,676454717,676739397,284680,0.380628
82,676869323,677199451,330128,0.381088
83,677326449,677589881,263432,0.381478
84,677723968,678061681,337713,0.38195
85,678187534,678461146,273612,0.38235
86,678575833,678847399,271566,0.382736
87,678949750,679272842,323092,0.383162
88,679376462,679693066,316604,0.383582
89,679799177,680223503,424326,0.384112
90,680356008,680649125,293117,0.384537
91,680780303,681028764,248461,0.384917
92,681158320,681433902,275582,0.385323
93,681544877,681857192,312315,0.385746
94,681960613,682290001,329388,0.386179
95,682390212,682780098,389886,0.386668
96,682914037,683242630,328593,0.387131
97,683372799,683651974,279175,0.387541
98,683761498,684054829,293331,0.387943
99,684162349,684456730,294381,0.388345
100,684561586,684910998,349412,0.3888
101,685022110,685342139,320029,0.389231
102,685446115,685739497,293382,0.389628
103,685845762,686167045,321283,0.390056
104,686268298,686600619,332321,0.390489
105,686705451,687030069,324618,0.390919
106,687147804,687443157,295353,0.391332
107,687549394,687882585,333191,0.391771
108,687986264,688330187,343923,0.392219
109,688437334,688753160,315826,0.392642
110,688853975,689173985,320010,0.393063
111,689280185,689620156,339971,0.393509
112,689720572,690047508,326936,0.393936
113,690154150,690475425,321275,0.394364
114,690578382,690909754,331372,0.394798
115,691014418,691339567,325149,0.395228
116,691440011,691760042,320031,0.395649
117,691862987,692194990,332003,0.396084
118,692302355,692621716,319361,0.39651
119,692724229,693066035,341806,0.396955
120,693168975,693492379,323404,0.397381
121,693598465,693916604,318139,0.397805
122,694016747,694341500,324753,0.39823
123,694446941,694792774,345833,0.398681
124,694893130,695219070,325940,0.399108
125,695324377,695647420,323043,0.399536
126,695749481,696113672,364191,0.400002
127,696216206,696509229,293023,0.400398
128,696617379,696928189,310810,0.400817
129,697029078,697371601,342523,0.40126
130,697477489,697802196,324707,0.401691
131,697902470,698234947,332477,0.402124
132,698340105,698667578,327473,0.402556
133,698767883,699084674,316791,0.402973
134,699186925,699515779,328854,0.403404
135,699621408,699938439,317031,0.403827
136,700063499,700373379,309880,0.404262
137,700480402,700818280,337878,0.404707
138,700920692,701250182,329490,0.405139
139,701350233,701663891,313658,0.405553
140,701769056,702092639,323583,0.405981
141,702194556,702533751,339195,0.406422
142,702642314,702973124,330810,0.406862
143,703073580,703404516,330936,0.407293
144,703506801,703835102,328301,0.407724
145,703941918,704273938,332020,0.408163
146,704379150,704690908,311758,0.40858
147,704795443,705127436,331993,0.409016
148,705230263,705561004,330741,0.40945
149,705666826,705989413,322587,0.409878
150,706095831,706420595,324764,0.410309
151,706521258,706842751,321493,0.410731
152,706951037,707282460,331423,0.411171
153,707383230,707714901,331671,0.411604
154,707821290,708165371,344081,0.412054
155,708270440,708578714,308274,0.412467
156,708686376,708988663,302287,0.412877
157,709094878,709427383,332505,0.413316
158,709528438,709874486,346048,0.413763
159,709982642,710298948,316306,0.414188
160,710399684,710729174,329490,0.414618
161,710831909,711151501,319592,0.41504
162,711259118,711591477,332359,0.41548
163,711697063,712038614,341551,0.415927
164,712146879,712457561,310682,0.416346
165,712560799,712884849,324050,0.416773
166,712985528,713306932,321404,0.417195
167,713414919,713745071,330152,0.417634
168,713846378,714178061,331683,0.418067
169,714287361,714606316,318955,0.418495
170,714710156,715030717,320561,0.418919
171,715137382,715459715,322333,0.419348
172,715562061,715896340,334279,0.419785
173,715999729,716324152,324423,0.420213
174,716433808,716751132,317324,0.42064
175,716853870,717225561,371691,0.421114
176,717333038,717624878,291840,0.421513
177,717731806,718061938,330132,0.421951
178,718163041,718475167,312126,0.422364
179,718581894,718918639,336745,0.422807
180,719022219,719331888,309669,0.42322
181,719442172,719760113,317941,0.423649
182,719861184,720229757,368573,0.424118
183,720337312,720643089,305777,0.424532
184,720752571,721075602,323031,0.424964
185,721178392,721504818,326426,0.425393
186,721610984,721923566,312582,0.425812
187,722027590,722356671,329081,0.426245
188,722459472,722777541,318069,0.426666
189,722881919,723255283,373364,0.427144
190,723360761,723646605,285844,0.427535
191,723752901,724121873,368972,0.428011
192,724229247,724522386,293139,0.428411
193,724628475,724950380,321905,0.428839
194,725055900,725382349,326449,0.429271
195,725485362,725802693,317331,0.429691
196,725911207,726232611,321404,0.430121
197,726334620,726677958,343338,0.430567
198,726788998,727096530,307532,0.430985
199,727198741,727536531,337790,0.431425
200,727639446,727970246,330800,0.431859
201,728104408,728400205,295797,0.432289
202,728507069,728818424,311355,0.432707
203,728923344,729249900,326556,0.433139
204,729354881,729695500,340619,0.433584
205,729800727,730122949,322222,0.434011
206,730231467,730540830,309363,0.43443
207,730642650,730979397,336747,0.434868
208,731088374,731412382,324008,0.435301
209,731525715,731846903,321188,0.435735
210,731954798,732294329,339531,0.436183
211,732399552,732707157,307605,0.436596
212,732809966,733137958,327992,0.437027
213,733242182,733566535,324353,0.437455
214,733668563,733983363,314800,0.437872
215,734086380,734412311,325931,0.438301
216,734514377,734843739,329362,0.438732
217,734948435,735292333,343898,0.439181
218,735399947,735720919,320972,0.43961
219,735823383,736182754,359371,0.440071
220,736288803,736585895,297092,0.440474
221,736690915,737017293,326378,0.440906
222,737117452,737450162,332710,0.441339
223,737556592,737857453,300861,0.441746
224,737958580,738308579,349999,0.442197
225,738417813,738730242,312429,0.442619
226,738833949,739153394,319445,0.443042
227,739255902,739582140,326238,0.443471
228,739690616,740061953,371337,0.443951
229,740167437,740462084,294647,0.444351
230,740567470,740893841,326371,0.444782
231,740996907,741327453,330546,0.445216
232,741436342,741755598,319256,0.445644
233,741858658,742186916,328258,0.446076
234,742289948,742659913,369965,0.446548
235,742768220,743104243,336023,0.446993
236,743208029,743506644,298615,0.447395
237,743614064,743934470,320406,0.447823
238,744065401,744362544,297143,0.448251
239,744472666,744806140,333474,0.448695
240,744911927,745238601,326674,0.449127
241,745343891,745660467,316576,0.449549
242,745766999,746094363,327364,0.449983
243,746199378,746526060,326682,0.450415
244,746628738,746968424,339686,0.450857
245,747074766,747396862,322096,0.451285
246,747502336,747814685,312349,0.451703
247,747923245,748263894,340649,0.452153
248,748369707,748697668,327961,0.452586
249,748804734,749105283,300549,0.452994
250,749209468,749537472,328004,0.453426
251,749639093,749968508,329415,0.453857
252,750075558,750407364,331806,0.454296
253,750510870,750832557,321687,0.454721
254,750941798,751268928,327130,0.455158
255,751371806,751701449,329643,0.45559
256,751804624,752161771,357147,0.45605
257,752272313,752570171,297858,0.456459
258,752677181,752998832,321651,0.456887
259,753104605,753425564,320959,0.457314
260,753532138,753848837,316699,0.457737
261,753953048,754276073,323025,0.458165
262,754382971,754720794,337823,0.458609
263,754823990,755148927,324937,0.459038
264,755258277,755581994,323717,0.459471
265,755685855,756028665,342810,0.459917
266,756137447,756425067,287620,0.460314
267,756534832,756870428,335596,0.460759
268,756973619,757301163,327544,0.46119
269,757407294,757737333,330039,0.461626
270,757842163,758160896,318733,0.46205
271,758268278,758593128,324850,0.462482
272,758698056,759015848,317792,0.462905
273,759117851,759448779,330928,0.463337
274,759561264,759887665,326401,0.463776
275,759990502,760329151,338649,0.464218
276,760439663,760750962,311299,0.46464
277,760853305,761184669,331364,0.465073
278,761288563,761602992,314429,0.465492
279,761711499,762042826,331327,0.465932
280,762144307,762463348,319041,0.466352
281,762573146,762895223,322077,0.466784
282,762998225,763328095,329870,0.467217
283,763431827,763768435,336608,0.467657
284,763874701,764171998,297297,0.468061
285,764280152,764598720,318568,0.468487
286,764703125,765024510,321385,0.468913
287,765127296,765493167,365871,0.469382
288,765600242,765921246,321004,0.46981
289,766024326,766354835,330509,0.470243
290,766458452,766767779,309327,0.470656
291,766876036,767206203,330167,0.471095
292,767307934,767644730,336796,0.471533
293,767752661,768067235,314574,0.471956
294,768172342,768474756,302414,0.472363
295,768580176,768903428,323252,0.472792
296,769008224,769322970,314746,0.473212
297,769426176,769800015,373839,0.473689
298,769905606,770213396,307790,0.474102
299,770318920,770712519,393599,0.474601
300,770841505,771205234,363729,0.475093
301,771340110,771575259,235149,0.475464
302,771682619,771967425,284806,0.475856
303,772110742,772367859,257117,0.476256
304,772471619,772783157,311538,0.476672
305,772886694,773216908,330214,0.477106
306,773321081,773695839,374758,0.477585
307,773803249,774141755,338506,0.47803
308,774249919,774542745,292826,0.478431
309,774650157,774962068,311911,0.478851
310,775069138,775391308,322170,0.47928
311,775504852,775823215,318363,0.479712
312,775927473,776238722,311249,0.480127
313,776345744,776659741,313997,0.480548
314,776763543,777086530,322987,0.480975
315,777191031,777556640,365609,0.481445
316,777663218,777986329,323111,0.481875
317,778087448,778415628,328180,0.482304
318,778522008,778848028,326020,0.482737
319,778948886,779280321,331435,0.483169
320,779387028,779778600,391572,0.483667
321,779906703,780216520,309817,0.484105
322,780343114,780610607,267493,0.484499
323,780746060,781026048,279988,0.484914
324,781156053,781407514,251461,0.485296
325,781539775,781879140,339365,0.485767
326,782008773,782308295,299522,0.486197
327,782416784,782726844,310060,0.486615
328,782831836,783210597,378761,0.487099
329,783339074,783688310,349236,0.487576
330,783825285,784083109,257824,0.487972
331,784191190,784415222,224032,0.488304
332,784523100,784868995,345895,0.488758
333,784972003,785283157,311154,0.489172
334,785386956,785709371,322415,0.489598
335,785813761,786238635,424874,0.490127
336,786369530,786695730,326200,0.490584
337,786830005,787129853,299848,0.491018
338,787260881,787549989,289108,0.491438
339,787681224,787961848,280624,0.49185
340,788130211,788451180,320969,0.492339
341,788582071,788839255,257184,0.492727
342,788970581,789270751,300170,0.493159
343,789401689,789716796,315107,0.493605
344,789846764,790219948,373184,0.494108
345,790354770,790699274,344504,0.494587
346,790827085,791113717,286632,0.495002
347,791247872,791457381,209509,0.495346
348,791562041,791855944,293903,0.495745
349,791966119,792293691,327572,0.496182
350,792397887,792738477,340590,0.496627
351,792871466,793125686,254220,0.497014
352,793235562,793524827,289265,0.497413
353,793630892,793931254,300362,0.49782
354,794037753,794362828,325075,0.498251
355,794466998,794855753,388755,0.498744
356,794983272,795278550,295278,0.499167
357,795414877,795700171,285294,0.499588
358,795830466,796185892,355426,0.500074
359,796322256,796612241,289985,0.5005
360,796739507,797071404,331897,0.50096
361,797202770,797457160,254390,0.501345
362,797588758,797968740,379982,0.501857
363,798099144,798454245,355101,0.502342
364,798586497,798861717,275220,0.50275
365,798995034,799208373,213339,0.503097
366,799316578,799607273,290695,0.503496
367,799713223,799950447,237224,0.503839
368,800046919,800336504,289585,0.504225
369,800414925,800763879,348954,0.504653
370,800837546,801208952,371406,0.505097
371,801302023,801689396,387373,0.505578
372,801784461,802125597,341136,0.506014
373,802215943,802488074,272131,0.506377
374,802567420,802900985,333565,0.50679
375,802973567,803389268,415701,0.507278
376,803485019,803817882,332863,0.507706
377,803908021,804278099,370078,0.508166
378,804371906,804705876,333970,0.508594
379,804802843,805135064,332221,0.509023
380,805227060,805514462,287402,0.509403
381,805592868,805997114,404246,0.509885
382,806089430,806382045,292615,0.510271
383,806471907,806781264,309357,0.51067
384,806861250,807270799,409549,0.511159
385,807361857,807705314,343457,0.511594
386,807803483,808153933,350450,0.512042
387,808246190,808530812,284622,0.51242
388,808611779,808957821,346042,0.512847
389,809031149,809398045,366896,0.513287
390,809472435,809873536,401101,0.513762
391,809966696,810307196,340500,0.514196
392,810399338,810655896,256558,0.514545
393,810736829,811150409,413580,0.515039
394,811242683,811582208,339525,0.515471
395,811673015,811972457,299442,0.515861
396,812081298,812470095,388797,0.516358
397,812561769,812846497,284728,0.516735
398,812941390,813274983,333593,0.517164
399,813348294,813693394,345100,0.517582
400,813769313,814124055,354742,0.518013
401,814200619,814582874,382255,0.518471
402,814672930,815013256,340326,0.518902
403,815109525,815390918,281393,0.51928
404,815465560,815913482,447922,0.519802
405,816034930,816340035,305105,0.520228
406,816431895,816720990,289095,0.52061
407,816798917,817207523,408606,0.521096
408,817301895,817639159,337264,0.521528
409,817731642,818002550,270908,0.521891
410,818080868,818500629,419761,0.522389
411,818593713,818929868,336155,0.522818
412,819019959,819365696,345737,0.523254
413,819461749,819786959,325210,0.523675
414,819888492,820202948,314456,0.524091
415,820300417,820627060,326643,0.524515
416,820716716,820995041,278325,0.524884
417,821071898,821454328,382430,0.525343
418,821530994,821939540,408546,0.525828
419,822032954,822378177,345223,0.526267
420,822473191,822803933,330742,0.526692
421,822896372,823176161,279789,0.527065
422,823250196,823600988,350792,0.52749
423,823678773,824044805,366032,0.527934
424,824119989,824500521,380532,0.528389
425,824596073,824931236,335163,0.52882
426,825020749,825329174,308425,0.529218
427,825410386,825770530,360144,0.529659
428,825843790,826190217,346427,0.530079
429,826264276,826687736,423460,0.530576
430,826783186,827130065,346879,0.531018
431,827220432,827545056,324624,0.531433
432,827640974,827894476,253502,0.531783
433,827969297,828407515,438218,0.532296
434,828503930,828844079,340149,0.532732
435,828937520,829271069,333549,0.533159
436,829363812,829656249,292437,0.533545
437,829749138,830072966,323828,0.533962
438,830149218,830499271,350053,0.534388
439,830571651,830932434,360783,0.534821
440,831008634,831427494,418860,0.535316
441,831520188,831836034,315846,0.535724
442,831931851,832263693,331842,0.536152
443,832355164,832628661,273497,0.536517
444,832708622,833088329,379707,0.536977
445,833161178,833520655,359477,0.537409
446,833594200,834005467,411267,0.537894
447,834098762,834446522,347760,0.538335
448,834541138,834866136,324998,0.538755
449,834960909,835244845,283936,0.539134
450,835322373,835645460,323087,0.539534
451,835718783,836105136,386353,0.539994
452,836184492,836570373,385881,0.540459
453,836661245,837015603,354358,0.540904
454,837112267,837463696,351429,0.541352
455,837555626,837838119,282493,0.541727
456,837930055,838255303,325248,0.542144
457,838332504,838753589,421085,0.542642
458,838846331,839184921,338590,0.543073
459,839278454,839590301,311847,0.543479
460,839682704,839953758,271054,0.543842
461,840054679,840387485,332806,0.544276
462,840466736,840844775,378039,0.544734
463,840918830,841330495,411665,0.545219
464,841424385,841769614,345229,0.545658
465,841862984,842194559,331575,0.546083
466,842287769,842563211,275442,0.546452
467,842639257,843001284,362027,0.54689
468,843075297,843402434,327137,0.547291
469,843482048,843895094,413046,0.547783
470,843985691,844331590,345899,0.54822
471,844428861,844781236,352375,0.54867
472,844871447,845151524,280077,0.54904
473,845229693,845579627,349934,0.549468
474,845656433,846016495,360062,0.549905
475,846090239,846508881,418642,0.550397
476,846604955,846940531,335576,0.550829
477,847033315,847367087,333772,0.551255
478,847457176,847731938,274762,0.551621
479,847811133,848155521,344388,0.552044
480,848231625,848575463,343838,0.552464
481,848652446,849069056,416610,0.552957
482,849160412,849528706,368294,0.553417
483,849626494,849948949,322455,0.553837
484,850039715,850329185,289470,0.554218
485,850406328,850810192,403864,0.554699
486,850904039,851246086,342047,0.555134
487,851338527,851621641,283114,0.55551
488,851699581,852102148,402567,0.555991
489,852197370,852517942,320572,0.556406
490,852610565,852887009,276444,0.556776
491,852966947,853410185,443238,0.557299
492,853503959,853831255,327296,0.55772
493,853925576,854198665,273089,0.558087
494,854275637,854693600,417963,0.558582
495,854784449,855121615,337166,0.55901
496,855217789,855493936,276147,0.559383
497,855572355,855956593,384238,0.559845
498,856077219,856373214,295995,0.560262
499,856465209,856767893,302684,0.560657
500,856844327,857218424,374097,0.561107
501,857294780,857650832,356052,0.56154
502,857724638,858141650,417012,0.56203
503,858235859,858566659,330800,0.562455
504,858662714,858980054,317340,0.562869
505,859074495,859376421,301926,0.563265
506,859452138,859776206,324068,0.563665
507,859847980,860214698,366718,0.564103
508,860292736,860697245,404509,0.564586
509,860789572,861160280,370708,0.565049
510,861255887,861571115,315228,0.56546
511,861663003,861956024,293021,0.565845
512,862033110,862380394,347284,0.566269
513,862457998,862824262,366264,0.566713
514,862898588,863305903,407315,0.567194
515,863399280,863718375,319095,0.567607
516,863811287,864140881,329594,0.568029
517,864236766,864521718,284952,0.56841
518,864600479,864977473,376994,0.568866
519,865049846,865407329,357483,0.569296
520,865483804,865890738,406934,0.569779
521,865984787,866325685,340898,0.570214
522,866419018,866742353,323335,0.570631
523,866835147,867133389,298242,0.571022
524,867207439,867533738,326299,0.571422
525,867613715,867965955,352240,0.571855
526,868063689,868456123,392434,0.572344
527,868553806,868909282,355476,0.572798
528,869000469,869321161,320692,0.57321
529,869414576,869718935,304359,0.573608
530,869797422,870148481,351059,0.574037
531,870222612,870571895,349283,0.574461
532,870648837,871054908,406071,0.574943
533,871148558,871473017,324459,0.575361
534,871563010,871889796,326786,0.575778
535,871985456,872308543,323087,0.576197
536,872385697,872725713,340016,0.576614
537,872803323,873156269,352946,0.577045
538,873229013,873655393,426380,0.577544
539,873749860,874086707,336847,0.577975
540,874180180,874521112,340932,0.578409
541,874613917,874889521,275604,0.578778
542,874966984,875317721,350737,0.579206
543,875393010,875747809,354799,0.579637
544,875822938,876223093,400155,0.580111
545,876318250,876655236,336986,0.580544
546,876748619,877074076,325457,0.580962
547,877169124,877462022,292898,0.581351
548,877536380,877902602,366222,0.581791
549,877979703,878333767,354064,0.582222
550,878405918,878838275,432357,0.582727
551,878931491,879255475,323984,0.583144
552,879351580,879689513,337933,0.583578
553,879782536,880056437,273901,0.583945
554,880138584,880543958,405374,0.584432
555,880634425,880978706,344281,0.584867
556,881071806,881388700,316894,0.585277
557,881482122,881777039,294917,0.585666
558,881852752,882205061,352309,0.586094
559,882280330,882654526,374196,0.586543
560,882730167,883131026,400859,0.587019
561,883224638,883559352,334714,0.587448
562,883651530,883999033,347503,0.587887
563,884114691,884383620,268929,0.588272
564,884479191,884767647,288456,0.588656
565,884842077,885189566,347489,0.589078
566,885266858,885707029,440171,0.589595
567,885799674,886154355,354681,0.590043
568,886247201,886557270,310069,0.590446
569,886650745,886954095,303350,0.590843
570,887030100,887383496,353396,0.591272
571,887458389,887805963,347574,0.591695
572,887880031,888277622,397591,0.592166
573,888370362,888706728,336366,0.592595
574,888804156,889124619,320463,0.593013
575,889200780,889534916,334136,0.593424
576,889611383,889956287,344904,0.593845
577,890028873,890394575,365702,0.594283
578,890469062,890891009,421947,0.594779
579,890984992,891320156,335164,0.595209
580,891412344,891735084,322740,0.595624
581,891831531,892116969,285438,0.596006
582,892193755,892521688,327933,0.59641
583,892598577,892949848,351271,0.596839
584,893022335,893464717,442382,0.597353
585,893558019,893909436,351417,0.597798
586,894003105,894335280,332175,0.598224
587,894427812,894746317,318505,0.598635
588,894841798,895168448,326650,0.599057
589,895246335,895566554,320219,0.599455
590,895640429,896028737,388308,0.599917
591,896110457,896445897,335440,0.600335
592,896520134,896858528,338394,0.600747
593,896937377,897288336,350959,0.601177
594,897360803,897726487,365684,0.601615
595,897801538,898148762,347224,0.602038
596,898223641,898623381,399740,0.602512
597,898699886,899054941,355055,0.602944
598,899131748,899476719,344971,0.603365
599,899551916,899886092,334176,0.603775
600,899962993,900338016,375023,0.604227
601,900415662,900732546,316884,0.604621
602,900806904,901208050,401146,0.605097
603,901286495,901633498,347003,0.605522
604,901707326,902065830,358504,0.605955
605,902145755,902494246,348491,0.606383
606,902567805,902928057,360252,0.606817
607,903003495,903358429,354934,0.607247
608,903434676,903788058,353382,0.607677
609,903865264,904170916,305652,0.60806
610,904247568,904629454,381886,0.608518
611,904704553,905065609,361056,0.608954
612,905139749,905511715,371966,0.6094
613,905590612,905948380,357768,0.609837
614,906023866,906383334,359468,0.610272
615,906459531,906809795,350264,0.610699
616,906886771,907242312,355541,0.611131
617,907316588,907669008,352420,0.611558
618,907747680,908077683,330003,0.611966
619,908160860,908495845,334985,0.612385
620,908573308,908921944,348636,0.612811
621,908996911,909395517,398606,0.613284
622,909475209,909828665,353456,0.613717
623,909902421,910251945,349524,0.614141
624,910327485,910690990,363505,0.61458
625,910767744,911114291,346547,0.615003
626,911189762,911535797,346035,0.615425
627,911612433,911910391,297958,0.615799
628,911985884,912386592,400708,0.616275
629,912471701,912785250,313549,0.616674
630,912863280,913266009,402729,0.617155
631,913339927,913706282,366355,0.617595
632,913784190,914137960,353770,0.618027
633,914211966,914565366,353400,0.618454
634,914641209,914991194,349985,0.61888
635,915067481,915432884,365403,0.619322
636,915510370,915830810,320440,0.61972
637,915907747,916281138,373391,0.62017
638,916357962,916678164,320202,0.620567
639,916752973,917115044,362071,0.621004
640,917188059,917549822,361763,0.621439
641,917622449,918005400,382951,0.621894
642,918084455,918438808,354353,0.622328
643,918516744,918865696,348952,0.622754
644,918942491,919266234,323743,0.623155
645,919339503,919738917,399414,0.623628
646,919813346,920163910,350564,0.624053
647,920243264,920578305,335041,0.624467
648,920652380,920997496,345116,0.624886
649,921075457,921411985,336528,0.625301
650,921485605,921885569,399964,0.625774
651,921960933,922282630,321697,0.626171
652,922358823,922747662,388839,0.626636
653,922823623,923185724,362101,0.627074
654,923262250,923602846,340596,0.627492
655,923678750,924035885,357135,0.627925
656,924112189,924414581,302392,0.628303
657,924492519,924848372,355853,0.628737
658,924920377,925338089,417712,0.629227
659,925415844,925773143,357299,0.629662
660,925847155,926202702,355547,0.630091
661,926281155,926625406,344251,0.630514
662,926698842,927055538,356696,0.630944
663,927131401,927446807,315406,0.631336
664,927522727,927900634,377907,0.631789
665,927975901,928327168,351267,0.632216
666,928405863,928719984,314121,0.632609
667,928793567,929209663,416096,0.633098
668,929283645,929648294,364649,0.633537
669,929726399,930085895,359496,0.633975
670,930159455,930505910,346455,0.634395
671,930585162,930934275,349113,0.634823
672,931008195,931365337,357142,0.635254
673,931440650,931787417,346767,0.635676
674,931866380,932173594,307214,0.636062
675,932246790,932610669,363879,0.636499
676,932686075,933103919,417844,0.636993
677,933178234,933522750,344516,0.637411
678,933602847,933952191,349344,0.637841
679,934025804,934388130,362326,0.638277
680,934463567,934820939,357372,0.63871
681,934899043,935252817,353774,0.639142
682,935329051,935665304,336253,0.639554
683,935741610,936050248,308638,0.639939
684,936124626,936511714,387088,0.6404
685,936588091,936974217,386126,0.640863
686,937052320,937405832,353512,0.641295
687,937479728,937837630,357902,0.641726
688,937915413,938250618,335205,0.642139
689,938324386,938699396,375010,0.642588
690,938775876,939094586,318710,0.642983
691,939169661,939493802,324141,0.643383
692,939568884,939955433,386549,0.643844
693,940057071,940397826,340755,0.644287
694,940474701,940846323,371622,0.644735
695,940920579,941277928,357349,0.645167
696,941355761,941675274,319513,0.645564
697,941747449,942095178,347729,0.645984
698,942170710,942568660,397950,0.646457
699,942644790,943006975,362185,0.646896
700,943085252,943413140,327888,0.647302
701,943487133,943807541,320408,0.647696
702,943882062,944266723,384661,0.648155
703,944344859,944726216,381357,0.648615
704,944801224,945163159,361935,0.649052
705,945241891,945584416,342525,0.649473
706,945660615,946018883,358268,0.649908
707,946094887,946453749,358862,0.650342
708,946530228,946879046,348818,0.650768
709,946954918,947283982,329064,0.651173
710,947361001,947677549,316548,0.651566
711,947751428,948166382,414954,0.652055
712,948241467,948600961,359494,0.65249
713,948680455,949032747,352292,0.652921
714,949106304,949469208,362904,0.653358
715,949547570,949893726,346156,0.653782
716,949967872,950329276,361404,0.654218
717,950407302,950760636,353334,0.654649
718,950834858,951164515,329657,0.655053
719,951240188,951556263,316075,0.655445
720,951634707,952019406,384699,0.655908
721,952096548,952478205,381657,0.656367
722,952561195,952911584,350389,0.6568
723,952987174,953343497,356323,0.657232
724,953417276,953774716,357440,0.657663
725,953852322,954205678,353356,0.658094
726,954279888,954634735,354847,0.658523
727,954714825,955039267,324442,0.658928
728,955113226,955428339,315113,0.659317
729,955501568,955917740,416172,0.659806
730,955994104,956361440,367336,0.66025
731,956439071,956797006,357935,0.660686
732,956873533,957232393,358860,0.661121
733,957307521,957617238,309717,0.661506
734,957695221,958053043,357822,0.661942
735,958127732,958504887,377155,0.662394
736,958580153,958909199,329046,0.662798
737,958985737,959350047,364310,0.663239
738,959426718,959780527,353809,0.663669
739,959857327,960211680,354353,0.6641
740,960285801,960626740,340939,0.664516
741,960708056,961096271,388215,0.664985
742,961174460,961537784,363324,0.665427
743,961611891,961969786,357895,0.665859
744,962047276,962397516,350240,0.666286
745,962471312,962805327,334015,0.666694
746,962881390,963185653,304263,0.667074
747,963260153,963657236,397083,0.667546
748,963733843,964150417,416574,0.668039
749,964228828,964548423,319595,0.668437
750,964623820,964985060,361240,0.668874
751,965059178,965414347,355169,0.669303
752,965491891,965834615,342724,0.669723
753,965908459,966236320,327861,0.670125
754,966314029,966642386,328357,0.670531
755,966716344,967101989,385645,0.670991
756,967181540,967534709,353169,0.671423
757,967609212,968026233,417021,0.671915
758,968105159,968426954,321795,0.672316
759,968502992,968859420,356428,0.672748
760,968934301,969286365,352064,0.673175
761,969362474,969719109,356635,0.673608
762,969796347,970148440,352093,0.674037
763,970222793,970550229,327436,0.674439
764,970627696,970944294,316598,0.674833
765,971017511,971382709,365198,0.675271
766,971457668,971863291,405623,0.675752
767,971938915,972276938,338023,0.676166
768,972352705,972737121,384416,0.676626
769,972818102,973164378,346276,0.677053
770,973238216,973601503,363287,0.67749
771,973679725,973992123,312398,0.677881
772,974064498,974461607,397109,0.67835
773,974537387,974886949,349562,0.678776
774,974964029,975319127,355098,0.679208
775,975395382,975733676,338294,0.679622
776,975811792,976130072,318280,0.680019
777,976205057,976547324,342267,0.680436
778,976622104,977046712,424608,0.680935
779,977122087,977481539,359452,0.68137
780,977556019,977913274,357255,0.681802
781,977990872,978336188,345316,0.682225
782,978410671,978726453,315782,0.682615
783,978805135,979154171,349036,0.683043
784,979226079,979611566,385487,0.6835
785,979687465,980035422,347957,0.683924
786,980113174,980465845,352671,0.684355
787,980540801,980883179,342378,0.684772
788,980957794,981313652,355858,0.685202
789,981386825,981750561,363736,0.685639
790,981824435,982219224,394789,0.686108
791,982296992,982643119,346127,0.686532
792,982717156,983078280,361124,0.686967
793,983156053,983483759,327706,0.687372
794,983557590,983882520,324930,0.687771
795,983957809,984307753,349944,0.688196
796,984381908,984812211,430303,0.688701
797,984888100,985238785,350685,0.689128
798,985318044,985670492,352448,0.689559
799,985743889,986097318,353429,0.689986
800,986174843,986523735,348892,0.690412
801,986597580,986953771,356191,0.690843
802,987029501,987364540,335039,0.691253
803,987441069,987747386,306317,0.691636
804,987822987,988225168,402181,0.692114
805,988302582,988691421,388839,0.69258
806,988767559,989110908,343349,0.693
807,989185051,989544402,359351,0.693433
808,989621921,989965051,343130,0.693854
809,990039339,990405569,366230,0.694294
810,990483883,990830775,346892,0.69472
811,990907129,991235596,328467,0.695124
812,991310523,991631253,320730,0.69552
813,991706162,992089229,383067,0.695978
814,992167679,992553702,386023,0.696442
815,992630401,992997906,367505,0.696887
816,993073564,993417884,344320,0.697307
817,993494446,993855484,361038,0.697744
818,993932523,994291778,359255,0.698181
819,994366030,994715995,349965,0.698605
820,994793486,995142614,349128,0.699031
821,995217592,995571906,354314,0.699461
822,995650368,995978618,328250,0.699867
823,996072947,996373521,300574,0.700262
824,996448139,996808525,360386,0.700697
825,996892799,997265176,372377,0.701154
826,997337625,997731648,394023,0.70162
827,997809289,998155469,346180,0.702044
828,998230107,998588443,358336,0.702477
829,998663475,999011570,348095,0.7029
830,999088254,999416833,328579,0.703306
831,999492747,999818236,325489,0.703707
832,999894473,253100,-999641373,0.704142
833,328679,720588,391909,0.704609
834,797630,1180272,382642,0.705069
835,1256159,1617298,361139,0.705506
836,1691725,2047270,355545,0.705936
837,2125862,2462375,336513,0.706351
838,2538789,2900623,361834,0.706789
839,2978468,3329806,351338,0.707219
840,3403927,3733748,329821,0.707622
841,3809305,4132041,322736,0.708021
842,4207927,4602230,394303,0.708491
843,4678228,5056588,378360,0.708945
844,5132967,5478487,345520,0.709367
845,5555313,5921293,365980,0.70981
846,5995998,6342761,346763,0.710232
847,6421463,6779657,358194,0.710668
848,6853554,7205145,351591,0.711094
849,7289858,7613023,323165,0.711502
850,7687239,8020734,333495,0.711909
851,8098597,8473005,374408,0.712362
852,8552185,8928136,375951,0.712817
853,9004175,9358410,354235,0.713247
854,9435061,9794129,359068,0.713683
855,9869926,10216458,346532,0.714105
856,10294253,10635071,340818,0.714524
857,10709529,11047676,338147,0.714936
858,11121625,11489464,367839,0.715378
859,11567879,11928824,360945,0.715818
860,12023701,12360963,337262,0.71625
861,12439158,12807834,368676,0.716697
862,12883571,13199477,315906,0.717088
863,13274054,13667028,392974,0.717556
864,13744702,14101598,356896,0.71799
865,14175257,14530608,355351,0.718419
866,14610558,14962942,352384,0.718852
867,15036824,15367935,331111,0.719257
868,15443029,15755899,312870,0.719645
869,15830844,16230684,399840,0.720119
870,16307602,16685373,377771,0.720574
871,16762303,17120994,358691,0.72101
872,17196566,17546510,349944,0.721435
873,17624974,17942809,317835,0.721832
874,18018134,18380448,362314,0.722269
875,18451981,18838987,387006,0.722728
876,18917003,19247968,330965,0.723137
877,19322203,19680662,358459,0.723569
878,19758982,20104489,345507,0.723993
879,20177576,20519892,342316,0.724409
880,20594880,20964204,369324,0.724853
881,21039407,21425991,386584,0.725315
882,21501447,21854420,352973,0.725743
883,21930960,22292515,361555,0.726181
884,22367807,22713531,345724,0.726602
885,22787183,23114415,327232,0.727003
886,23192290,23516879,324589,0.727406
887,23592247,23986307,394060,0.727875
888,24084059,24446240,362181,0.728335
889,24521562,24881306,359744,0.72877
890,24955620,25317109,361489,0.729206
891,25395041,25734357,339316,0.729623
892,25808104,26172316,364212,0.730061
893,26250524,26596879,346355,0.730486
894,26672751,27009857,337106,0.730899
895,27088133,27423387,335254,0.731312
896,27497241,27821170,323929,0.73171
897,27894775,28280145,385370,0.732169
898,28356402,28718714,362312,0.732607
899,28792075,29184153,392078,0.733073
900,29261019,29618146,357127,0.733507
901,29694932,30045043,350111,0.733934
902,30119363,30483155,363792,0.734372
903,30561202,30885832,324630,0.734775
904,30960239,31267672,307433,0.735156
905,31343009,31744711,401702,0.735633
906,31818582,32200578,381996,0.736089
907,32278416,32637574,359158,0.736526
908,32717636,33059715,342079,0.736948
909,33135647,33496281,360634,0.737385
910,33572760,33917706,344946,0.737806
911,33993529,34352526,358997,0.738241
912,34429665,34732338,302673,0.738621
913,34805793,35194231,388438,0.739083
914,35268286,35618236,349950,0.739507
915,35698529,36083114,384585,0.739972
916,36158912,36507612,348700,0.740396
917,36585544,36899156,313612,0.740788
918,36974599,37365055,390456,0.741254
919,37439750,37815043,375293,0.741704
920,37892770,38232409,339639,0.742121
921,38306956,38637698,330742,0.742526
922,38717406,39064019,346613,0.742953
923,39138029,39454342,316313,0.743343
924,39527508,39915424,387916,0.743804
925,39990111,40352815,362704,0.744242
926,40429549,40816250,386701,0.744705
927,40893539,41249579,356040,0.745138
928,41325012,41698705,373693,0.745587
929,41774435,42099435,325000,0.745988
930,42177891,42515073,337182,0.746404
931,42589361,42907794,318433,0.746797
932,42983447,43374494,391047,0.747263
933,43455583,43789646,334063,0.747678
934,43867238,44271837,404599,0.748161
935,44348513,44694744,346231,0.748583
936,44772163,45126106,353943,0.749015
937,45202393,45556338,353945,0.749445
938,45632148,45984769,352621,0.749874
939,46061186,46395153,333967,0.750284
940,46471246,46783130,311884,0.750672
941,46854901,47215764,360863,0.751104
942,47291853,47709422,417569,0.751598
943,47785460,48168985,383525,0.752058
944,48248572,48576505,327933,0.752465
945,48650604,49007519,356915,0.752896
946,49082999,49433978,350979,0.753323
947,49511098,49874204,363106,0.753763
948,49948129,50245071,296942,0.754134
949,50320685,50709585,388900,0.754598
950,50785170,51137453,352283,0.755026
951,51215443,51553851,338408,0.755443
952,51625546,52027593,402047,0.755916
953,52105674,52452613,346939,0.756341
954,52529339,52890353,361014,0.756779
955,52966339,53312175,345836,0.757201
956,53388624,53750013,361389,0.757639
957,53826975,54174552,347577,0.758063
958,54248636,54608777,360141,0.758498
959,54687011,55040698,353687,0.758929
960,55114996,55475071,360075,0.759364
961,55559012,55901380,342368,0.75979
962,55975428,56337631,362203,0.760226
963,56415206,56772382,357176,0.760661
964,56850607,57199725,349118,0.761088
965,57275324,57631422,356098,0.76152
966,57707226,58053779,346553,0.761943
967,58129577,58479481,349904,0.762368
968,58554362,58905589,351227,0.762794
969,58982943,59312441,329498,0.763201
970,59384827,59732480,347653,0.763621
971,59810506,60150217,339711,0.764039
972,60224612,60608336,383724,0.764497
973,60686449,61041931,355482,0.764931
974,61115775,61497935,382160,0.765387
975,61573851,61930450,356599,0.765819
976,62006934,62321331,314397,0.76621
977,62395366,62753140,357774,0.766642
978,62831338,63222074,390736,0.767111
979,63295878,63659602,363724,0.767548
980,63735408,64087537,352129,0.767976
981,64165146,64490116,324970,0.768379
982,64565707,64880527,314820,0.768769
983,64957367,65378079,420712,0.769267
984,65453630,65808601,354971,0.769697
985,65884459,66247056,362597,0.770136
986,66324977,66676466,351489,0.770565
987,66750517,67101553,351036,0.77099
988,67178833,67541375,362542,0.77143
989,67615907,67947263,331356,0.771836
990,68045641,68345982,300341,0.772235
991,68419317,68755184,335867,0.772644
992,68830123,69261257,431134,0.77315
993,69338058,69687438,349380,0.773576
994,69763641,70118696,355055,0.774007
995,70195135,70549714,354579,0.774438
996,70624489,70972078,347589,0.774861
997,71045631,71408347,362716,0.775297
998,71485585,71815415,329830,0.775704
999,71889916,84539662,12649746,0.788428
